255 255 255 255 255 255 255 255 255 255 255 255 255 255 255 255
255 255 255  17  17  17  77 181  17 255  17  17  17 254  17 255
255 255 255 255 255 255 255 255  17 255  17  17  17 255  17 255
255 255  18 255 255 255 255 255  17  17  20  17  17  32  17 255
255 255  17 255 255 255 255 255  17  17  17  17  17  17  17 255
255 255  17  17  17  17  17  17  17  17  17  17  17  17  17 255
255 251  17  17  17  17  17  17  17  17  17  17  17  17  17 255
255  17  17  17  17  17  17  17  17   6  17  17  17  17  17 255
255  17 255 255  17  17  17  17  17 255  17  17  17  17  17 255
255  17  17  18  17  17  17  17  17 255  17  17  17  17  17 255
255  17  17  17  17  17  17  17  17 255  17  17  17  17  17 255
255 255 255 255 255 255 255 255  17  17  17  17  17  17  17 255
255  14  17  17  17  17  17  17  17  17  17  17  17  17  17 255
255   2   2   2 255 255 255 255  17  17  17  17  17  17  17 255
255   2 255 255 255 255 255 255  17 255 255 255 255 255  17 255
255 255 255 255 255 255 255 255 255 255 255 255 255 255 255 255
255 255 255 255 255 255 255 255 255 255 255 255 255 255 255 255
255 255 255  16  16  16  76 181  16 255  16  16  16 255  16 255
255 255 255 255 255 255 255 255  16 255  16  16  16 255  16 255
255 255  16 255 255 255 255 255  16  16  19  16  16  32  16 255
255 255  16 255 255 255 255 255  16  16  16  16  16  16  16 255
255 255  16  16  16  16  16  16  16  16  16  16  16  16  16 255
255 251  16  16  16  16  16  16  16  16  16  16  16  16  16 255
255  16  16  16  16  16  16  16  16   6  16  16  16  16  16 255
255  16 255 255  16  16  16  16  16 255  16  16  16  16  16 255
255  16  16  16  16  16  16  16  16 255  16  16  16  16  16 255
255  16  16  16  16  16  16  16  16 255  16  16  16  16  16 255
255 255 255 255 255 255 255 255  16  16  16  16  16  16  16 255
255  11  16  16  16  16  16  16  16  16  16  16  16  16  16 255
255   1   1   1 255 255 255 255  16  16  16  16  16  16  16 255
255   1 255 255 255 255 255 255  16 255 255 255 255 255  16 255
255 255 255 255 255 255 255 255 255 255 255 255 255 255 255 255
255 255 255 255 255 255 255 255 255 255 255 255 255 255 255 255
255 255 255  12  12  12  69 177  12 255  12  12  12 255  12 255
255 255 255 255 255 255 255 255  12 255  12  12  12 255  12 255
255 255  12 255 255 255 255 255  12  12  17  12  12  30  12 255
255 255  12 255 255 255 255 255  12  12  12  12  11  12  12 255
255 255  12  12  12  12  12  12  12  12  12  12  12  12  12 255
255 250  12  12  12  12  12  12  12  12  12  12  12  12  12 255
255  12  12  12  12  12  12  12  12   4  12  12  12  12  12 255
255  12 255 255  12  12  12  12  12 255  12  12  12  12  12 255
255  12  12  12  12  12  12  12  12 255  12  12  12  12  12 255
255  12  12  12  12  12  12  12  12 255  12  12  12  12  12 255
255 255 255 255 255 255 255 255  12  12  12  12  12  12  12 255
255   7  12  12  12  12  12  12  12  12  12  12  12  12  12 255
255   0   0   0 255 255 255 255  12  12  12  12  12  12  12 255
255   0 255 255 255 255 255 255  12 255 255 255 255 255  12 255
255 255 255 255 255 255 255 255 255 255 255 255 255 255 255 255

255 255 255 255 255 255 255 255 255 255 255 255 255 255 255 255
255  17  17  17  17  17  17  17  17  17  17  17  17  17  17 255
255 254 255  32  17  17  17  17  17  17  17  17  17  17 255 255
255  17  17  17  17  17  17  17  17  17  17  17  17  17 255 255
255  17  17  17  17  17  17  17  17  17  17  17  17  17 255 255
255  17  17  20  17  17  17  17  17  17  17  17  17  17 255 255
255 255 255  17  17  17  17   6 255 255 255  17  17  17 255 255
255  17  17  17  17  17  17  17  17  17  17  17  17  17  17 255
255 181 255 255 255  17  17  17  17  17  17 255  17 255 255 255
255  77 255 255 255  17  17  17  17  17  17 255  17 255 255 255
255  17 255 255 255  17  17  17  17  17  17 255  17 255 255 255
255  17 255 255 255  17  17  17  17  17  17 255  17 255 255 255
255  17 255 255 255  17  17  17 255  18  17 255  17   2 255 255
255 255 255  18  17  17  17  17 255  17  17 255  17   2 255 255
255 255 255 255 255 255 251  17  17  17  17 255  14   2   2 255
255 255 255 255 255 255 255 255 255 255 255 255 255 255 255 255
255 255 255 255 255 255 255 255 255 255 255 255 255 255 255 255
255  16  16  16  16  16  16  16  16  16  16  16  16  16  16 255
255 255 255  32  16  16  16  16  16  16  16  16  16  16 255 255
255  16  16  16  16  16  16  16  16  16  16  16  16  16 255 255
255  16  16  16  16  16  16  16  16  16  16  16  16  16 255 255
255  16  16  19  16  16  16  16  16  16  16  16  16  16 255 255
255 255 255  16  16  16  16   6 255 255 255  16  16  16 255 255
255  16  16  16  16  16  16  16  16  16  16  16  16  16  16 255
255 181 255 255 255  16  16  16  16  16  16 255  16 255 255 255
255  76 255 255 255  16  16  16  16  16  16 255  16 255 255 255
255  16 255 255 255  16  16  16  16  16  16 255  16 255 255 255
255  16 255 255 255  16  16  16  16  16  16 255  16 255 255 255
255  16 255 255 255  16  16  16 255  16  16 255  16   1 255 255
255 255 255  16  16  16  16  16 255  16  16 255  16   1 255 255
255 255 255 255 255 255 251  16  16  16  16 255  11   1   1 255
255 255 255 255 255 255 255 255 255 255 255 255 255 255 255 255
255 255 255 255 255 255 255 255 255 255 255 255 255 255 255 255
255  12  12  12  12  12  12  12  12  12  12  12  12  12  12 255
255 255 255  30  12  12  12  12  12  12  12  12  12  12 255 255
255  12  12  12  11  12  12  12  12  12  12  12  12  12 255 255
255  12  12  12  12  12  12  12  12  12  12  12  12  12 255 255
255  12  12  17  12  12  12  12  12  12  12  12  12  12 255 255
255 255 255  12  12  12  12   4 255 255 255  12  12  12 255 255
255  12  12  12  12  12  12  12  12  12  12  12  12  12  12 255
255 177 255 255 255  12  12  12  12  12  12 255  12 255 255 255
255  69 255 255 255  12  12  12  12  12  12 255  12 255 255 255
255  12 255 255 255  12  12  12  12  12  12 255  12 255 255 255
255  12 255 255 255  12  12  12  12  12  12 255  12 255 255 255
255  12 255 255 255  12  12  12 255  12  12 255  12   0 255 255
255 255 255  12  12  12  12  12 255  12  12 255  12   0 255 255
255 255 255 255 255 255 250  12  12  12  12 255   7   0   0 255
255 255 255 255 255 255 255 255 255 255 255 255 255 255 255 255

255 255 255 255 255 255 255 255 255 255 255 255 255 255 255 255
255  17 255 255 255 255 255  17 255 255 255 255 255 255   2 255
255  17  17  17  17  17  17  17 255 255 255 255   2   2   2 255
255  17  17  17  17  17  17  17  17  17  17  17  17  17  14 255
255  17  17  17  17  17  17  17 255 255 255 255 255 255 255 255
255  17  17  17  17  17 255  17  17  17  17  17  17  17  17 255
255  17  17  17  17  17 255  17  17  17  17  17  18  17  17 255
255  17  17  17  17  17 255  17  17  17  17  17 255 255  17 255
255  17  17  17  17  17   6  17  17  17  17  17  17  17  17 255
255  17  17  17  17  17  17  17  17  17  17  17  17  17 251 255
255  17  17  17  17  17  17  17  17  17  17  17  17  17 255 255
255  17  17  17  17  17  17  17 255 255 255 255 255  17 255 255
255  17  32  17  17  20  17  17 255 255 255 255 255  18 255 255
255  17 255  17  17  17 255  17 255 255 255 255 255 255 255 255
255  17 254  17  17  17 255  17 181  77  17  17  17 255 255 255
255 255 255 255 255 255 255 255 255 255 255 255 255 255 255 255
255 255 255 255 255 255 255 255 255 255 255 255 255 255 255 255
255  16 255 255 255 255 255  16 255 255 255 255 255 255   1 255
255  16  16  16  16  16  16  16 255 255 255 255   1   1   1 255
255  16  16  16  16  16  16  16  16  16  16  16  16  16  11 255
255  16  16  16  16  16  16  16 255 255 255 255 255 255 255 255
255  16  16  16  16  16 255  16  16  16  16  16  16  16  16 255
255  16  16  16  16  16 255  16  16  16  16  16  16  16  16 255
255  16  16  16  16  16 255  16  16  16  16  16 255 255  16 255
255  16  16  16  16  16   6  16  16  16  16  16  16  16  16 255
255  16  16  16  16  16  16  16  16  16  16  16  16  16 251 255
255  16  16  16  16  16  16  16  16  16  16  16  16  16 255 255
255  16  16  16  16  16  16  16 255 255 255 255 255  16 255 255
255  16  32  16  16  19  16  16 255 255 255 255 255  16 255 255
255  16 255  16  16  16 255  16 255 255 255 255 255 255 255 255
255  16 255  16  16  16 255  16 181  76  16  16  16 255 255 255
255 255 255 255 255 255 255 255 255 255 255 255 255 255 255 255
255 255 255 255 255 255 255 255 255 255 255 255 255 255 255 255
255  12 255 255 255 255 255  12 255 255 255 255 255 255   0 255
255  12  12  12  12  12  12  12 255 255 255 255   0   0   0 255
255  12  12  12  12  12  12  12  12  12  12  12  12  12   7 255
255  12  12  12  12  12  12  12 255 255 255 255 255 255 255 255
255  12  12  12  12  12 255  12  12  12  12  12  12  12  12 255
255  12  12  12  12  12 255  12  12  12  12  12  12  12  12 255
255  12  12  12  12  12 255  12  12  12  12  12 255 255  12 255
255  12  12  12  12  12   4  12  12  12  12  12  12  12  12 255
255  12  12  12  12  12  12  12  12  12  12  12  12  12 250 255
255  12  12  12  12  12  12  12  12  12  12  12  12  12 255 255
255  12  12  11  12  12  12  12 255 255 255 255 255  12 255 255
255  12  30  12  12  17  12  12 255 255 255 255 255  12 255 255
255  12 255  12  12  12 255  12 255 255 255 255 255 255 255 255
255  12 255  12  12  12 255  12 177  69  12  12  12 255 255 255
255 255 255 255 255 255 255 255 255 255 255 255 255 255 255 255

255 255 255 255 255 255 255 255 255 255 255 255 255 255 255 255
255   2   2  14 255  17  17  17  17 251 255 255 255 255 255 255
255 255   2  17 255  17  17 255  17  17  17  17  18 255 255 255
255 255   2  17 255  17  18 255  17  17  17 255 255 255  17 255
255 255 255  17 255  17  17  17  17  17  17 255 255 255  17 255
255 255 255  17 255  17  17  17  17  17  17 255 255 255  17 255
255 255 255  17 255  17  17  17  17  17  17 255 255 255  77 255
255 255 255  17 255  17  17  17  17  17  17 255 255 255 181 255
255  17  17  17  17  17  17  17  17  17  17  17  17  17  17 255
255 255  17  17  17 255 255 255   6  17  17  17  17 255 255 255
255 255  17  17  17  17  17  17  17  17  17  17  20  17  17 255
255 255  17  17  17  17  17  17  17  17  17  17  17  17  17 255
255 255  17  17  17  17  17  17  17  17  17  17  17  17  17 255
255 255  17  17  17  17  17  17  17  17  17  17  32 255 254 255
255  17  17  17  17  17  17  17  17  17  17  17  17  17  17 255
255 255 255 255 255 255 255 255 255 255 255 255 255 255 255 255
255 255 255 255 255 255 255 255 255 255 255 255 255 255 255 255
255   1   1  11 255  16  16  16  16 251 255 255 255 255 255 255
255 255   1  16 255  16  16 255  16  16  16  16  16 255 255 255
255 255   1  16 255  16  16 255  16  16  16 255 255 255  16 255
255 255 255  16 255  16  16  16  16  16  16 255 255 255  16 255
255 255 255  16 255  16  16  16  16  16  16 255 255 255  16 255
255 255 255  16 255  16  16  16  16  16  16 255 255 255  76 255
255 255 255  16 255  16  16  16  16  16  16 255 255 255 181 255
255  16  16  16  16  16  16  16  16  16  16  16  16  16  16 255
255 255  16  16  16 255 255 255   6  16  16  16  16 255 255 255
255 255  16  16  16  16  16  16  16  16  16  16  19  16  16 255
255 255  16  16  16  16  16  16  16  16  16  16  16  16  16 255
255 255  16  16  16  16  16  16  16  16  16  16  16  16  16 255
255 255  16  16  16  16  16  16  16  16  16  16  32 255 255 255
255  16  16  16  16  16  16  16  16  16  16  16  16  16  16 255
255 255 255 255 255 255 255 255 255 255 255 255 255 255 255 255
255 255 255 255 255 255 255 255 255 255 255 255 255 255 255 255
255   0   0   7 255  12  12  12  12 250 255 255 255 255 255 255
255 255   0  12 255  12  12 255  12  12  12  12  12 255 255 255
255 255   0  12 255  12  12 255  12  12  12 255 255 255  12 255
255 255 255  12 255  12  12  12  12  12  12 255 255 255  12 255
255 255 255  12 255  12  12  12  12  12  12 255 255 255  12 255
255 255 255  12 255  12  12  12  12  12  12 255 255 255  69 255
255 255 255  12 255  12  12  12  12  12  12 255 255 255 177 255
255  12  12  12  12  12  12  12  12  12  12  12  12  12  12 255
255 255  12  12  12 255 255 255   4  12  12  12  12 255 255 255
255 255  12  12  12  12  12  12  12  12  12  12  17  12  12 255
255 255  12  12  12  12  12  12  12  12  12  12  12  12  12 255
255 255  12  12  12  12  12  12  12  12  12  11  12  12  12 255
255 255  12  12  12  12  12  12  12  12  12  12  30 255 255 255
255  12  12  12  12  12  12  12  12  12  12  12  12  12  12 255
255 255 255 255 255 255 255 255 255 255 255 255 255 255 255 255
